idx	NbPairs	Time
0	2294	1.3369646072387695
1	4589	0.4226195812225342
2	9179	0.5565552711486816
3	18359	0.8347697257995605
4	36718	1.4629714488983154
5	73437	2.652315616607666
6	146874	5.0022828578948975
7	220311	7.320369005203247
8	293748	9.57187795639038
9	367185	12.092238664627075
10	440622	14.203224182128906
11	514059	16.694748878479004
12	587496	19.656110525131226
13	660933	21.458040714263916
14	734370	23.779746055603027
15	807807	26.105890035629272
16	881244	28.905014276504517
17	954681	31.00648522377014
18	1028118	33.6240508556366
19	1101555	36.30707764625549
