idx	NbPairs	Time
0	2294	1.3597118854522705
1	4589	0.41242551803588867
2	9179	0.5410733222961426
3	18359	0.825913667678833
4	36718	1.4578869342803955
5	73437	2.651063919067383
6	146874	4.986884117126465
7	220311	7.3971357345581055
8	293748	9.5994131565094
9	367185	12.044497966766357
10	440622	14.212807655334473
11	514059	16.72840929031372
12	587496	19.091119289398193
13	660933	21.516173124313354
14	734370	23.791130542755127
15	807807	26.201362133026123
16	881244	28.89504909515381
17	954681	31.09420371055603
18	1028118	33.87436556816101
19	1101555	36.33655619621277
