idx	NbPairs	Time
0	2294	1.3619351387023926
1	4589	0.45081615447998047
2	9179	0.6261098384857178
3	18359	1.0279288291931152
4	36718	1.7534010410308838
5	73437	3.2806055545806885
6	146874	6.12116551399231
7	220311	9.071727514266968
8	293748	11.9501371383667
9	367185	14.976506233215332
10	440622	17.733017444610596
11	514059	20.878559350967407
12	587496	23.963228464126587
13	660933	26.680823802947998
14	734370	29.691678762435913
15	807807	32.92539691925049
16	881244	36.43563652038574
17	954681	39.200642347335815
18	1028118	42.46143317222595
19	1101555	45.33942437171936
