idx	NbPairs	Time
0	2294	1.3575196266174316
1	4589	0.42560839653015137
2	9179	0.5457723140716553
3	18359	0.8337798118591309
4	36718	1.4713232517242432
5	73437	2.6713359355926514
6	146874	5.102595806121826
7	220311	7.395733118057251
8	293748	9.660808324813843
9	367185	12.095775842666626
10	440622	14.313563108444214
11	514059	16.93082904815674
12	587496	19.18814182281494
13	660933	21.619723081588745
14	734370	23.956873655319214
15	807807	26.331533432006836
16	881244	29.22766661643982
17	954681	31.696687936782837
18	1028118	33.8506805896759
19	1101555	36.52826809883118
