idx	NbPairs	Time
0	2294	1.3535516262054443
1	4589	0.4510765075683594
2	9179	0.5628855228424072
3	18359	0.8349170684814453
4	36718	1.4748523235321045
5	73437	2.6702957153320312
6	146874	5.023764133453369
7	220311	7.342796564102173
8	293748	9.623399019241333
9	367185	12.070033311843872
10	440622	14.267488956451416
11	514059	16.74555253982544
12	587496	19.088449954986572
13	660933	21.55292510986328
14	734370	23.985568523406982
15	807807	26.238121509552002
16	881244	29.110833406448364
17	954681	31.161648988723755
18	1028118	33.696011781692505
19	1101555	36.29104280471802
