idx	NbPairs	Time
0	2294	1.3562674522399902
1	4589	0.448136568069458
2	9179	0.5576462745666504
3	18359	0.8782050609588623
4	36718	1.4677939414978027
5	73437	2.6672143936157227
6	146874	4.988016605377197
7	220311	9.04240608215332
8	293748	9.575068473815918
9	367185	12.101769208908081
10	440622	14.413415908813477
11	514059	16.70907998085022
12	587496	19.669214248657227
13	660933	21.560937643051147
14	734370	23.733598709106445
15	807807	26.154170513153076
16	881244	28.941766500473022
17	954681	31.36165761947632
18	1028118	33.87730383872986
19	1101555	36.570884704589844
