idx	NbPairs	Time
0	2294	1.3614435195922852
1	4589	0.4544486999511719
2	9179	0.5865538120269775
3	18359	0.8762190341949463
4	36718	1.4646663665771484
5	73437	2.6609947681427
6	146874	4.982497930526733
7	220311	7.360959768295288
8	293748	9.599982738494873
9	367185	12.052935123443604
10	440622	14.246351957321167
11	514059	16.829031229019165
12	587496	19.117138624191284
13	660933	21.692228317260742
14	734370	23.85824680328369
15	807807	26.282596111297607
16	881244	29.147855758666992
17	954681	31.1959867477417
18	1028118	33.55454635620117
19	1101555	36.34441637992859
