idx	NbPairs	Time
0	2294	1.3617446422576904
1	4589	0.41768503189086914
2	9179	0.5612368583679199
3	18359	0.8630850315093994
4	36718	1.5023064613342285
5	73437	2.7361812591552734
6	146874	5.136857032775879
7	220311	7.5796589851379395
8	293748	9.881883144378662
9	367185	12.402369737625122
10	440622	15.105351686477661
11	514059	17.32905149459839
12	587496	20.429057121276855
13	660933	22.25967264175415
14	734370	24.49398636817932
15	807807	27.02094316482544
16	881244	29.890454292297363
17	954681	32.62317228317261
18	1028118	34.69055151939392
19	1101555	37.55086016654968
