idx	NbPairs	Time
0	2294	1.3633549213409424
1	4589	0.4261903762817383
2	9179	0.5421786308288574
3	18359	0.8289337158203125
4	36718	1.466869831085205
5	73437	2.6822586059570312
6	146874	5.038246393203735
7	220311	7.344879388809204
8	293748	9.598944187164307
9	367185	12.035766363143921
10	440622	14.768658876419067
11	514059	16.815378189086914
12	587496	19.17823100090027
13	660933	21.564117670059204
14	734370	23.897371530532837
15	807807	26.12617540359497
16	881244	29.27464747428894
17	954681	31.08243489265442
18	1028118	33.69039821624756
19	1101555	36.30714464187622
