idx	NbPairs	Time
0	2294	1.359283447265625
1	4589	0.42476391792297363
2	9179	0.5504331588745117
3	18359	0.8268764019012451
4	36718	1.4760985374450684
5	73437	2.665036678314209
6	146874	5.02248215675354
7	220311	7.551861763000488
8	293748	9.623056411743164
9	367185	12.372220993041992
10	440622	14.287495851516724
11	514059	17.15296459197998
12	587496	19.708301782608032
13	660933	22.12854242324829
14	734370	23.810750007629395
15	807807	26.653857231140137
16	881244	29.036121606826782
17	954681	31.776941061019897
18	1028118	34.33232307434082
19	1101555	37.153645038604736
